#{"t_start": 1697464301.3382628, "env_id": "turbolander-2d-custom-v1"}
r,l,t
-74.25,97,0.341788
-125.0,500,2.469763
-76.0,104,2.958511
-28.75,155,3.207277
-73.5,94,3.417349
-73.5,94,4.887919
-76.75,107,5.046299
-78.25,113,5.637232
-70.5,82,5.819782
-73.5,94,6.0323
-86.5,146,7.5716
-80.0,120,7.746831
-73.5,94,7.884902
-136.25,345,10.301189
-69.75,79,10.430252
-88.25,153,10.731508
-74.5,98,10.907227
-75.0,100,12.718864
-72.75,91,12.850273
-75.75,103,13.025569
-73.5,94,13.190377
-84.25,137,13.433715
-84.75,139,15.204014
-76.0,104,15.354902
-79.25,117,15.580891
-82.5,130,15.814036
-88.25,153,17.96848
-81.5,126,18.562135
980.25,79,18.708731
-74.0,96,18.887551
-75.75,103,20.44242
-72.0,88,20.571553
-125.0,500,23.269358
979.5,82,23.391639
-75.5,102,23.57023
-72.5,90,23.747352
-119.5,278,25.934998
-76.75,107,26.093777
-79.0,116,26.332485
-80.0,120,27.922564
-69.0,76,28.048091
-125.0,500,30.658569
-70.0,80,30.779911
-77.0,108,31.570898
-74.0,96,31.751038
-72.25,89,31.918637
-67.0,68,33.3955
-77.25,109,33.550985
-89.75,159,33.813043
-125.0,500,36.453784
-75.0,100,36.631723
-66.75,67,36.751032
-76.5,106,38.573495
-71.0,84,38.737311
-125.0,500,41.268751
-74.25,97,41.485913
-83.5,134,41.778091
-67.75,71,41.933862
-72.75,91,43.301916
-70.0,80,43.422943
937.0,252,44.347059
-120.0,280,46.005963
-79.0,116,46.264026
-76.5,106,46.868954
-74.5,98,47.165656
-83.5,134,48.743313
-79.75,119,48.991463
-98.25,193,49.409483
-80.25,121,51.188771
-125.0,500,53.312989
-88.75,155,54.106009
964.25,143,54.36466
-70.0,80,54.509253
-76.75,107,55.996948
-71.5,86,56.145576
-66.5,66,56.292323
-76.5,106,56.966714
-24.0,136,57.263172
-74.75,99,58.750079
-79.5,118,59.001281
-125.0,500,61.847816
-68.25,73,61.985911
-82.5,130,62.220624
-73.25,93,62.375093
-125.0,500,64.993072
978.0,88,66.478092
-70.75,83,67.272975
-82.25,129,67.506587
-71.0,84,67.651919
-85.0,140,67.860142
-84.5,138,69.431073
-78.75,115,69.64747
-71.5,86,70.156037
-76.75,107,70.319297
-72.0,88,71.614156
-69.0,76,71.754537
965.5,138,72.01313
-125.0,500,74.660118
-75.75,103,74.96944
-93.0,172,77.150956
-79.25,117,77.40682
-68.75,75,77.577402
-79.25,117,77.83753
-72.75,91,78.041728
-77.0,108,79.393572
-66.25,65,79.527247
-65.0,60,80.202056
-69.0,76,80.339323
-79.75,119,80.57468
-107.0,228,82.185976
-78.25,113,82.428462
-98.5,194,83.331838
-71.5,86,83.461584
-75.5,102,84.863793
-74.5,98,85.08099
982.75,69,85.231971
-74.0,96,85.44481
-75.5,102,86.036934
-74.0,96,87.474748
-80.0,120,87.689383
-77.25,109,87.887552
-71.0,84,88.029331
-73.75,95,88.169125
-124.25,297,90.323787
-70.75,83,90.474108
-74.5,98,90.655442
-125.0,500,93.24681
-83.0,132,94.627267
-89.0,156,94.927205
971.0,116,95.866456
-76.0,104,96.019982
963.0,148,97.431165
-71.0,84,97.613948
-125.0,500,100.258462
-125.0,500,103.041834
-104.5,218,103.498011
-139.0,356,106.440047
-72.0,88,106.663949
960.25,159,106.897811
-75.0,100,108.3294
-76.75,107,108.517773
-77.75,111,109.094592
-125.0,500,111.547642
-77.5,110,112.485849
-68.75,75,112.595823
981.25,75,114.025921
-106.75,227,114.43971
-90.5,162,114.674368
-78.5,114,116.628566
-75.25,101,116.818614
966.5,134,117.031266
-69.0,76,117.145528
-82.25,129,117.332144
-95.25,181,119.456043
-92.5,170,119.695739
-125.0,500,122.490916
-125.0,500,124.594854
-125.0,500,127.155141
-73.5,94,127.287811
-115.5,262,129.517756
962.25,151,129.739002
-134.75,339,131.976973
-125.0,500,134.097157
-70.25,81,134.671514
-90.0,160,134.903129
-78.25,113,136.455676
-98.0,192,136.739615
-124.0,96,136.880152
-125.0,500,139.513088
-100.0,200,141.639751
-81.75,127,141.822056
-78.0,112,141.986228
-83.0,132,142.227006
-76.25,105,142.420977
-69.5,78,144.237431
-70.25,81,144.930178
-78.75,115,145.141145
-81.25,125,145.370763
-95.5,182,147.000093
966.5,134,147.200021
-67.75,71,147.697612
-72.5,90,147.865278
887.0,452,149.992695
-74.0,96,150.670465
969.5,122,152.197475
981.75,73,152.355741
-74.0,96,152.570566
953.5,186,152.982801
-71.5,86,153.16466
-74.0,96,154.934884
-71.75,87,155.097843
-125.0,500,158.216629
-75.5,102,158.40835
-69.0,76,158.529881
962.25,151,158.773735
-126.0,104,160.208319
-68.5,74,160.339426
-72.5,90,161.173551
-127.5,110,161.342253
-73.0,92,161.480591
-75.0,100,163.042422
-70.5,82,163.18939
-79.0,116,163.383416
-74.5,98,163.535176
-65.75,63,163.964134
-72.25,89,165.46515
-75.0,100,165.639775
-76.0,104,165.822661
-75.75,103,165.982507
975.25,99,166.143364
-73.75,95,167.905808
-78.0,112,168.11263
-68.0,72,168.242553
-72.0,88,168.398395
-92.5,170,168.69703
-68.5,74,170.089651
-73.5,94,170.719887
-24.0,136,171.021501
-77.5,110,171.234051
-70.5,82,171.353645
-79.5,118,172.780847
-76.0,104,172.969723
-82.0,128,173.703358
-76.5,106,173.888111
-79.75,119,175.501413
-73.75,95,175.715673
-92.75,171,176.092771
-74.25,97,176.746907
981.5,74,176.854865
-125.0,500,179.150258
-69.5,78,180.879009
-70.75,83,181.029594
-125.0,500,183.536347
-77.25,109,183.72798
-79.25,117,183.936091
-75.5,102,184.115213
-68.75,75,185.534109
-74.75,99,185.691556
-127.5,110,185.884475
-79.25,117,186.406114
-73.5,94,186.572459
-73.75,95,188.072474
-76.0,104,188.256401
-67.0,68,188.380939
-66.75,67,188.499356
-71.75,87,188.654707
-112.75,251,190.61927
-73.75,95,190.799361
-72.75,91,190.971217
-77.5,110,191.197269
-88.0,152,193.07371
-125.0,500,195.313733
-76.75,107,195.813492
-74.0,96,196.02579
-125.0,500,198.980886
-73.5,94,199.194846
-74.75,99,199.418215
-70.0,80,201.413783
-78.25,113,201.755495
-70.75,83,202.005245
-76.75,107,202.327003
-71.25,85,203.159719
-71.0,84,204.493828
-75.75,103,204.711111
-77.0,108,204.949039
-74.25,97,205.163658
-66.75,67,205.312981
-125.0,500,207.698416
-125.0,500,210.231294
-166.5,466,213.012499
-73.0,92,213.174546
-71.5,86,214.654132
-73.0,92,214.930765
-82.0,128,215.317995
-74.0,96,215.610225
-74.25,97,216.197915
-139.75,159,217.780705
-74.25,97,217.952239
-125.0,500,220.678163
-76.75,107,220.861595
-83.25,133,221.05456
-125.0,500,223.418723
-75.25,101,224.792896
-75.75,103,225.002946
-68.75,75,225.138407
-83.25,133,225.789485
-74.25,97,225.939215
-125.0,500,228.397516
-82.5,130,229.864957
-66.75,67,229.98878
-74.25,97,230.166798
-125.0,500,232.698089
-84.0,136,232.937636
-73.5,94,233.072738
-97.75,191,234.938493
-78.25,113,235.143911
-78.0,112,235.34773
-74.0,96,235.525834
-75.25,101,236.862693
-74.75,99,237.015218
-76.0,104,237.584675
-84.0,136,237.838786
-68.75,75,239.265115
-67.75,71,239.393545
-77.5,110,239.593059
-9.5,78,239.731806
-125.0,500,243.651519
-74.75,99,243.953307
-73.0,92,244.235241
-70.0,80,246.283075
-69.75,79,246.457171
-76.75,107,246.69457
-72.75,91,246.893832
-72.0,88,247.086867
-73.25,93,247.26026
-70.0,80,248.633766
979.0,84,249.242214
-73.25,93,249.448377
-66.0,64,249.588703
-69.75,79,249.759918
-75.5,102,249.909034
-67.25,69,251.256477
-77.25,109,251.450262
-67.75,71,251.576393
-125.0,500,254.070706
944.5,222,254.698044
-73.0,92,256.179205
-76.25,105,256.367533
-76.0,104,256.554906
-78.25,113,256.748571
-84.5,138,258.6786
-107.75,231,259.088206
-74.5,98,259.244917
-74.0,96,259.38185
-70.25,81,260.698956
-70.5,82,260.843328
-67.75,71,261.332531
-66.25,65,261.446679
-83.25,133,261.68085
-75.5,102,261.855933
-66.5,66,263.252612
-76.5,106,263.43837
-71.0,84,263.584707
-76.0,104,264.15371
-75.25,101,264.330957
-75.5,102,265.807599
-73.5,94,265.971085
-66.25,65,266.087224
-83.0,132,266.320588
-125.0,500,268.984282
-84.25,137,269.201849
-85.5,142,271.013955
-80.0,120,271.280239
-70.5,82,271.462033
-72.0,88,271.631527
-74.75,99,271.774304
-77.0,108,273.195395
-72.0,88,273.799464
-76.5,106,274.033338
-125.0,500,276.460469
-69.0,76,276.597772
-73.75,95,276.770075
-70.0,80,278.313966
-73.5,94,278.598033
963.0,148,279.049936
-125.0,500,282.024768
-125.0,500,284.54591
-80.0,120,284.727683
-75.0,100,286.077249
-125.0,500,288.701472
-73.75,95,288.866847
-73.75,95,289.033252
935.0,260,289.830265
-71.0,84,291.252814
-166.5,466,293.565679
971.75,113,293.795811
-66.75,67,293.944143
-67.75,71,294.098367
-78.0,112,294.324744
-71.25,85,294.448478
-79.75,119,296.147584
-72.5,90,296.308484
-67.75,71,296.435199
-70.75,83,296.582457
-123.5,94,296.741836
-125.0,500,299.130625
953.25,187,300.623695
-73.75,95,300.797614
-70.25,81,301.572943
-68.5,74,301.735918
-74.0,96,301.889121
-125.0,500,304.473917
-99.75,199,306.15102
-76.75,107,306.331262
-79.5,118,306.504277
-65.75,63,306.59827
-131.25,125,308.725187
-78.5,114,308.891763
-97.25,429,310.83375
-124.0,96,311.366809
-69.25,77,311.476077
-80.5,122,311.65135
-71.5,86,311.777985
-69.5,78,313.233349
-76.25,105,313.466084
-125.0,500,315.83053
-72.25,89,315.957505
-87.25,149,316.638284
-74.25,97,318.131477
955.0,180,318.390502
-71.5,86,318.514128
-125.0,500,320.950915
-71.25,85,321.07346
-82.0,128,321.257758
-98.0,192,323.232834
-71.0,84,323.357386
-73.75,95,323.496114
-78.25,113,323.660899
-99.25,197,325.372693
-69.25,77,325.505645
-67.25,69,325.875557
-73.5,94,326.015175
-66.75,67,326.110269
-87.25,149,328.140852
-125.0,500,330.57772
-81.0,124,330.753888
-84.75,139,330.951194
-80.0,120,332.982275
-73.0,92,333.113903
-77.75,111,333.270481
-75.0,100,333.413589
-125.0,500,335.775516
-71.25,85,335.89854
-72.75,91,336.027795
963.75,145,337.60031
982.25,71,337.702578
-77.25,109,338.138532
-82.75,131,338.342588
-81.0,124,339.854867
-66.75,67,339.949314
-103.5,214,340.254883
-73.0,92,341.28055
-73.75,95,342.693002
-152.5,410,343.286433
-77.75,111,345.358531
954.5,182,345.619295
-142.0,368,348.068345
-125.0,500,350.646914
914.0,344,351.840528
-99.75,199,353.33821
-87.0,148,353.545879
896.75,413,356.268789
-75.5,102,356.492371
-125.0,500,359.217092
-73.75,95,359.382497
-71.0,84,359.53234
-77.25,109,360.9448
-76.25,105,361.627381
-68.5,74,361.793921
-121.5,86,361.984938
-86.5,146,363.524688
-125.0,500,366.26527
-68.75,75,366.42367
-86.25,145,366.741266
-71.75,87,366.930979
-125.0,500,369.539134
-112.25,249,371.65278
-76.25,105,371.834723
-75.5,102,372.01094
972.75,109,372.211216
961.5,154,373.685403
-72.75,91,374.44934
978.75,85,374.602746
-75.0,100,374.778816
-125.0,500,377.498614
-78.75,115,377.688181
-73.0,92,379.134897
-78.5,114,379.33777
-67.5,70,379.461979
-67.0,68,379.583627
-77.5,110,380.275848
-71.25,85,380.400494
-76.0,104,382.209334
-102.25,209,382.845313
-72.0,88,383.112639
-125.0,500,386.12535
-69.75,79,386.24052
-79.0,116,387.631479
-125.0,500,390.256112
-76.25,105,390.440862
-100.0,200,391.101422
-114.75,259,392.822383
-110.0,240,393.320879
-67.75,71,393.871432
-66.25,65,395.192431
-70.75,83,395.344973
-70.5,82,395.490965
-78.0,112,395.691158
-72.75,91,395.85488
-90.0,160,397.943457
-72.25,89,398.105483
-73.25,93,398.271514
-75.5,102,398.455487
-75.5,102,398.634389
-74.75,99,399.927932
-75.0,100,400.082044
-68.75,75,400.607975
-88.25,153,400.884229
-68.0,72,401.013203
-85.5,142,402.468241
-71.75,87,402.661775
-69.0,76,402.831453
-66.25,65,403.414234
-71.25,85,403.554476
983.25,67,403.652349
-75.25,101,405.009917
-68.5,74,405.178086
-71.25,85,405.371398
-70.75,83,405.559073
957.0,172,406.269272
-70.75,83,407.57147
-78.0,112,407.764746
-66.5,66,407.914701
-125.0,500,410.620769
-10.5,82,410.764649
-75.75,103,410.947039
-72.5,90,411.107756
-79.25,117,412.59128
-75.0,100,413.108719
-72.75,91,413.27478
-103.0,212,414.889281
-69.25,77,415.000626
-69.25,77,415.112539
980.5,78,415.279709
-125.0,500,418.024334
-75.75,103,418.255158
-80.75,123,418.851499
-71.75,87,420.28645
-108.5,234,420.700066
-69.0,76,420.836934
-73.0,92,421.004968
975.75,97,422.843522
-77.25,109,423.175633
-70.0,80,423.41726
-81.5,126,423.799634
-76.75,107,424.124666
-82.75,131,426.234316
-68.0,72,426.690509
-74.75,99,426.873774
-71.75,87,427.032286
-76.25,105,427.225525
-82.75,131,428.605692
-67.0,68,428.750604
-87.25,149,429.431939
-125.0,500,431.585536
-20.25,121,432.303661
-125.0,500,434.316997
966.5,134,436.482526
-75.25,101,436.627476
-80.0,120,436.827332
-73.0,92,436.992717
-77.25,109,437.188976
-79.0,116,438.603636
-68.0,72,439.016754
-65.5,62,439.105367
-75.5,102,439.259231
-125.0,500,441.990883
-80.0,120,442.248688
-66.75,67,443.647362
972.5,110,443.803358
-77.5,110,443.988413
-66.0,64,444.102744
979.5,82,444.631682
962.5,150,446.081694
-70.75,83,446.201267
-76.0,104,446.359281
-70.25,81,446.501038
964.25,143,446.745744
-125.0,500,449.148758
-78.0,112,450.60482
-69.25,77,451.000842
-125.0,500,453.112463
-68.0,72,453.21608
-76.75,107,453.810578
-77.5,110,454.054163
-99.75,199,456.179257
-125.0,500,458.644963
-73.0,92,458.777553
-81.25,125,458.959332
-76.75,107,459.11875
-76.25,105,461.002534
-71.0,84,461.124303
-111.5,246,461.482414
-75.25,101,461.639747
-75.5,102,463.134328
-78.75,115,463.577513
-76.5,106,463.729974
-69.5,78,463.846051
-72.5,90,463.974731
-147.25,389,466.264032
-71.75,87,466.424144
-67.75,71,467.820194
967.0,132,468.017225
943.5,226,468.885415
-125.0,500,471.088636
-82.25,129,472.976968
-73.25,93,473.109707
951.0,196,473.391989
-125.0,500,475.778539
-75.25,101,475.923473
-73.75,95,477.38492
-96.75,187,477.659035
-75.5,102,478.104571
-76.75,107,478.286199
-79.75,119,479.800701
-71.0,84,479.920127
-75.75,103,480.067159
-102.5,210,480.95652
-125.0,500,483.008994
944.75,221,485.551622
-78.5,114,485.715674
-95.5,182,486.040957
963.25,147,488.014135
-155.5,422,490.982905
-65.75,63,491.07703
-78.5,114,491.271308
-79.0,116,492.133871
-112.0,248,493.818045
-72.25,89,493.97557
-72.25,89,494.12887
-75.25,101,494.304255
-70.75,83,494.843896
-75.75,103,496.271145
-68.0,72,496.396662
-108.0,232,496.79726
-65.75,63,496.90686
-125.0,500,499.345806
-90.5,162,500.927033
-68.0,72,501.028481
-73.5,94,501.521909
-71.0,84,501.673869
-56.0,264,503.418973
-54.5,258,504.280417
-73.5,94,504.445246
969.25,123,505.922201
-89.0,156,506.176236
-82.0,128,506.402025
-69.0,76,506.907383
-72.75,91,507.067259
-66.0,64,508.314177
-80.75,123,508.490075
980.25,79,508.620862
-133.5,334,510.766251
-67.0,68,510.86191
-78.75,115,511.023425
-86.5,146,511.299509
-74.5,98,512.777001
-80.5,122,513.382412
-125.0,500,515.499498
-70.5,82,515.616728
-132.25,129,516.20048
-125.0,500,518.274887
-74.25,97,519.207594
-81.75,127,520.681662
-75.5,102,520.839174
-76.25,105,521.027163
-77.25,109,521.216369
915.25,339,523.863098
-64.75,59,523.97082
-66.75,67,524.093774
-150.75,403,526.593109
-77.0,108,526.802813
-70.0,80,526.945341
980.75,77,528.243673
941.75,233,528.755527
-106.75,227,529.620427
-68.75,75,530.928412
-66.0,64,531.044284
-88.75,155,531.32364
-78.0,112,532.185547
912.25,351,534.09743
-74.5,98,534.27186
-76.0,104,534.444309
-80.0,120,536.224313
-125.0,500,538.381777
-87.5,150,539.608789
909.5,362,541.499831
-125.0,500,544.172758
-78.0,112,544.35543
-102.5,210,545.161411
-125.0,500,547.213002
-125.0,500,549.757889
-75.0,100,549.899148
-142.75,371,552.694547
-127.5,310,554.523683
-95.5,182,555.332334
-78.5,114,555.589699
-74.0,96,557.071662
-75.25,101,557.219015
-125.0,500,559.610182
-72.5,90,559.737351
-96.25,185,560.016142
-68.25,73,562.009138
-77.5,110,562.163888
-74.5,98,562.302474
-88.0,152,562.51909
-150.75,403,564.766806
-73.5,94,564.973649
-83.5,134,565.265627
-76.25,105,566.676446
-76.5,106,566.827327
-125.0,500,569.349301
-68.25,73,569.454003
-71.75,87,569.578218
-164.5,458,572.090319
-75.5,102,572.250357
-81.75,127,574.368682
-125.0,500,576.482149
-70.75,83,577.124387
-72.0,88,577.316501
-80.5,122,577.58544
-75.75,103,577.810024
-125.0,500,580.195353
-65.5,62,581.585379
-74.0,96,581.734904
-69.25,77,581.844878
-75.25,101,582.005359
-81.5,126,582.610003
-73.0,92,583.979496
-125.0,500,586.515317
-125.0,500,588.63654
979.5,82,588.75406
-125.0,500,591.178967
-73.5,94,591.314006
-69.25,77,591.761827
-73.5,94,591.926706
-65.25,61,592.032488
-125.0,500,594.431126
900.0,400,596.282808
-125.0,500,599.313171
945.0,220,600.93816
-78.75,115,601.761142
-72.25,89,601.960502
-75.0,100,602.186554
962.5,150,602.464592
-80.75,123,603.819562
-86.0,144,604.612612
-65.25,61,604.71896
-91.75,167,605.008012
-125.0,500,607.626238
-125.0,500,609.766131
-67.25,69,611.94981
-100.75,203,612.30474
-70.75,83,612.451439
-77.5,110,612.632364
-125.0,500,615.349199
-71.25,85,616.811501
-73.75,95,617.022812
-83.75,135,617.973009
-70.0,80,618.089952
-104.5,218,619.769888
-67.25,69,619.872427
-75.0,100,620.016001
-125.0,500,622.415865
-80.25,121,622.585179
-77.25,109,622.7389
-125.0,500,625.26741
-97.75,191,627.307648
-76.25,105,627.46048
-125.0,500,629.911628
-65.5,62,630.001636
-76.25,105,630.188725
-125.0,500,633.5065
-73.0,92,634.949972
-78.25,113,635.126537
-125.0,500,637.730675
-90.25,161,638.016549
-69.25,77,638.160364
-99.0,196,639.773901
-82.25,129,640.249664
-125.0,500,642.45191
-69.5,78,643.127129
-69.25,77,643.274219
-67.0,68,643.483078
-72.5,90,644.957711
-68.0,72,645.084838
-64.75,59,645.204203
-80.25,121,645.404795
-65.75,63,645.550287
-75.25,101,646.175504
-78.5,114,647.691268
957.75,169,647.960149
-67.5,70,648.086817
-88.75,155,648.367463
-66.5,66,648.48516
-64.0,56,650.156087
-67.25,69,650.277911
-65.5,62,650.39177
-66.0,64,650.50949
-77.5,110,650.800462
-70.25,81,651.051346
-67.25,69,652.638922
-125.0,500,655.187076
-92.75,171,655.498935
-64.75,59,655.606283
-69.75,79,656.17254
-67.0,68,656.381395
-70.75,83,656.634437
-64.5,58,658.080403
-74.25,97,658.257723
-68.75,75,658.394752
-65.5,62,658.509532
-66.75,67,658.647607
-74.75,99,659.477587
-67.0,68,659.585177
-76.0,104,661.194238
-77.0,108,661.527442
963.0,148,661.980313
-65.75,63,662.174345
-78.5,114,664.056293
-78.0,112,664.284175
-83.5,134,664.521292
-64.5,58,664.621178
-65.25,61,664.711538
-71.25,85,664.83485
-73.5,94,666.230575
-104.5,218,666.931245
-64.5,58,667.034506
-64.25,57,667.121081
984.0,64,667.214354
-65.25,61,668.597672
-65.5,62,668.708295
-71.25,85,668.859381
-70.0,80,669.377933
-76.25,105,669.561037
-71.75,87,669.684988
966.75,133,671.180416
-125.0,500,673.669069
-67.0,68,673.788473
-80.25,121,674.000427
-125.0,500,676.869989
-69.75,79,677.105891
-66.0,64,677.282962
-95.0,180,678.810386
-74.25,97,679.529022
-68.0,72,679.691971
-79.25,117,679.916651
-65.25,61,680.004019
-69.5,78,681.314414
-66.75,67,681.466077
-77.25,109,681.712316
-72.0,88,682.481098
-78.75,115,682.649374
-89.75,159,684.124794
-68.75,75,684.294172
-75.0,100,684.519153
-86.5,146,685.191386
-65.5,62,685.282927
983.25,67,686.57966
-78.25,113,686.833656
-27.25,149,687.168038
-72.25,89,687.363502
-65.25,61,687.474975
-68.5,74,687.61139
-70.5,82,689.366167
-72.75,91,689.528448
-74.5,98,689.7056
-65.75,63,689.809026
-79.5,118,689.981899
-68.5,74,691.278491
-131.25,125,692.001319
-67.5,70,692.159817
-94.0,176,692.481045
-65.0,300,694.297439
-77.25,109,694.891102
-73.5,94,695.030057
-72.5,90,695.178147
-66.75,67,696.534972
-71.75,87,696.730443
-72.0,88,696.927593
-72.0,88,697.123495
-125.0,500,699.736485
-131.25,325,702.10712
-123.5,294,702.522846
-72.5,90,703.900962
-80.25,121,704.529213
-123.5,94,704.661909
-79.0,116,704.826309
981.0,76,704.939711
-85.75,143,706.49255
-125.0,500,709.053309
975.75,97,709.228012
-80.25,121,709.416135
-66.75,67,709.512956
-68.75,75,709.893929
-80.75,123,711.362606
-71.5,86,711.553838
-79.75,119,711.784105
-115.75,263,713.728784
-74.25,97,713.890459
-125.0,500,715.902624
-75.0,100,716.508251
-95.75,183,716.770041
-71.75,87,716.895051
-70.0,80,718.279063
-125.0,500,720.764278
-73.5,94,720.971905
-68.25,73,721.133107
-74.5,98,721.331648
-73.75,95,721.727587
-91.5,166,723.370405
-99.75,199,723.820887
-83.5,134,724.05589
-74.75,99,725.827164
-112.5,250,726.267615
-73.75,95,726.414167
-74.75,99,726.558459
-66.0,64,727.924295
-76.0,104,728.457723
-125.0,500,730.554587
-116.25,265,731.305366
-75.25,101,732.667465
-72.25,89,732.863678
-66.0,64,733.004885
982.25,71,733.161072
-71.0,84,733.341754
981.5,74,733.86129
-74.0,96,734.002732
-75.75,103,735.417249
-75.5,102,735.598951
-67.75,71,735.724058
-77.25,109,735.917179
-76.0,104,736.088132
-71.5,86,737.83395
-82.75,131,738.065665
972.25,111,738.238758
-103.5,214,739.723129
-77.5,110,739.96657
-66.75,67,740.543269
-131.0,124,740.776816
-69.25,77,740.887002
-73.25,93,741.019152
-125.0,500,743.523679
948.5,206,745.166308
-87.0,148,745.490827
-88.0,152,746.066994
-68.25,73,747.389072
928.0,288,747.910912
-168.25,473,750.370577
-69.5,78,750.507181
-81.0,124,751.969632
-78.5,114,752.590303
-75.0,100,752.764426
-78.0,112,752.961501
-72.0,88,753.097932
-125.0,500,756.193195
-75.5,102,757.521518
-125.0,500,760.035397
-68.0,72,760.194007
-125.0,500,763.163932
-125.0,500,765.452889
937.0,252,766.633936
-66.0,64,766.727514
-67.75,71,767.979785
-65.0,60,768.071809
-67.0,68,768.203194
-68.5,74,768.369167
-72.75,91,769.065551
-74.5,98,769.262367
-131.0,324,770.907511
-125.0,500,773.355345
-78.75,115,773.555613
-123.5,294,775.589822
984.25,63,775.708759
-77.0,108,775.899366
-72.0,88,776.0545
-72.75,91,776.21346
-67.5,70,777.60348
-125.0,500,780.248521
-118.5,274,781.064193
-95.0,180,781.37408
-125.0,500,783.691899
-74.0,96,785.074313
-67.25,69,785.17387
-83.75,135,785.363928
-89.0,156,785.587426
-66.25,65,787.592636
-109.75,239,787.983871
-119.75,279,789.802417
-125.0,500,792.392865
-71.0,84,792.510936
-90.0,160,793.232775
-125.0,500,795.292769
-72.25,89,795.457494
-125.0,500,799.126413
-67.25,69,799.330699
-125.0,500,802.165972
-71.0,84,803.60101
-125.0,500,806.410264
-125.0,500,809.92838
-125.0,500,812.885937
-125.0,500,816.275079
-125.0,500,818.325965
-125.0,500,822.206152
-125.0,500,825.442954
-125.0,500,828.836774
-125.0,500,832.016509
-125.0,500,834.138167
-75.0,100,834.286177
-125.0,500,837.231595
-96.25,185,838.049187
-125.0,500,840.75294
-88.5,154,841.462248
-75.25,101,842.933402
-125.0,500,845.838812
-73.25,93,846.002391
-125.0,500,848.734872
-125.0,500,850.895908
-87.0,148,851.818337
981.75,73,851.92521
-125.0,500,854.42205
-125.0,500,856.52485
-89.75,159,859.424386
-108.75,235,859.798154
-125.0,500,862.733095
-97.0,188,863.074638
-125.0,500,866.223255
-125.0,500,869.249149
-125.0,500,871.310095
-125.0,500,874.056583
970.75,117,875.595672
-73.5,94,876.543936
-115.0,260,877.075403
-125.0,500,880.37265
-125.0,500,883.61616
-125.0,500,886.049317
-155.0,420,889.206911
-125.0,500,891.761428
-74.0,96,891.897557
-80.25,121,893.412992
-127.25,109,893.567773
-125.0,500,895.988667
-65.5,62,896.077476
-79.75,119,896.249013
-125.0,500,898.907917
-89.5,158,900.903757
-76.5,106,901.05435
-78.25,113,901.215143
-137.25,349,903.086765
-125.0,500,905.71044
-125.0,500,908.378018
-109.75,239,908.73232
-73.25,93,909.206405
-64.75,59,909.314652
-71.5,86,910.762218
-73.25,93,910.900199
-71.5,86,911.035235
-125.0,500,913.669194
-81.0,124,913.911845
-85.5,142,915.438022
-131.75,127,915.961937
-74.75,99,916.107426
-65.0,60,916.209456
-71.25,85,916.395002
-101.25,205,918.363564
-127.75,311,919.358451
-63.75,55,919.4593
984.0,64,920.811934
-125.0,500,923.38281
-73.5,94,923.520908
-139.5,358,924.151481
-125.0,500,926.848896
-127.0,108,928.343912
-66.75,67,928.847803
-83.25,133,929.088897
-125.0,500,932.052094
-125.0,500,934.180247
-125.0,500,936.966432
-125.0,500,939.685825
-125.0,500,942.164697
-67.75,71,942.265513
-125.0,500,945.085202
-76.25,105,945.236605
-125.0,500,948.017776
-125.0,500,950.096354
-69.0,76,952.458306
-75.25,101,952.600825
-125.0,500,955.660177
-125.0,500,957.68643
-65.0,60,957.774545
-75.0,100,958.577295
-79.5,118,958.788463
886.25,455,961.285723
-74.25,97,962.520163
-125.0,500,964.69905
-125.0,500,968.034245
-125.0,500,970.600656
-95.0,180,972.211223
-103.75,215,973.42542
-129.0,316,975.094272
-125.0,500,977.538093
-125.0,500,980.418305
-103.0,212,980.79995
-125.0,500,983.510501
-125.0,500,986.09783
-73.25,93,986.257535
-125.0,500,989.094417
-125.0,500,991.395307
-64.75,59,993.243839
-77.25,109,993.425801
-75.75,103,993.613616
-17.25,109,993.80628
-125.0,500,996.44076
-67.25,69,996.589255
-72.25,89,997.996895
-65.5,62,998.099485
-64.5,58,998.200089
-96.5,186,998.898825
-96.25,185,1000.465641
-94.0,176,1000.761247
-88.5,154,1001.104712
-73.0,92,1001.712169
-72.75,91,1003.096575
-69.25,77,1003.213654
-125.0,500,1005.747603
-67.0,68,1005.87018
-70.0,80,1006.013179
-76.25,105,1006.202851
-77.75,111,1006.404484
-74.0,96,1007.838206
-71.75,87,1008.395978
-69.5,78,1008.534008
-73.0,92,1008.700597
-96.0,184,1009.025048
-66.75,67,1010.427671
-125.0,500,1013.390388
-66.75,67,1013.511171
-65.75,63,1013.623953
-67.0,68,1013.743072
-69.25,77,1013.879593
-66.25,65,1014.344413
-125.0,500,1016.483919
-97.75,191,1018.480746
-77.0,108,1018.665257
-128.5,114,1018.874836
-74.75,99,1019.055044
-111.5,246,1021.20184
-125.0,500,1023.293478
-104.25,217,1024.212251
-141.0,364,1026.143745
-77.5,110,1026.342364
-70.75,83,1026.88947
-79.5,118,1028.232288
-82.0,128,1028.469583
-80.5,122,1028.69117
-77.5,110,1028.891332
-72.5,90,1029.053757
-64.25,57,1030.83151
-66.0,64,1030.945899
-80.5,122,1031.162876
-70.25,81,1031.306708
-79.25,117,1031.514123
-68.75,75,1032.945259
902.0,392,1033.931088
-85.25,141,1035.402754
-77.75,111,1035.642599
-75.25,101,1036.307933
-125.0,500,1038.364309
956.0,176,1038.990134
-66.0,64,1039.102984
-72.0,88,1040.355254
-71.0,84,1040.489403
-156.75,427,1043.417911
-76.0,104,1043.607307
-125.0,500,1046.155317
-63.75,55,1046.262153
-73.25,93,1046.464985
-69.5,78,1046.63886
-74.25,97,1048.088247
-67.5,70,1048.215384
-64.5,58,1048.321725
-76.0,104,1048.813899
-72.75,91,1048.944405
-67.5,70,1049.044974
-125.0,500,1051.543509
-79.25,117,1053.015095
-125.0,500,1055.546783
-133.25,133,1055.786874
-74.25,97,1055.961397
-73.5,94,1056.133183
-64.5,58,1056.238327
-69.0,76,1056.375685
-104.25,217,1058.49104
-66.5,66,1058.636344
-93.25,173,1058.993987
-78.5,114,1060.381606
-69.25,77,1060.552783
-73.25,93,1060.75837
-125.0,500,1063.154633
-68.5,74,1063.318266
-69.5,78,1063.806181
-74.75,99,1063.979919
-77.0,108,1065.287112
-74.75,99,1065.432227
-71.75,87,1065.583671
-70.75,83,1065.733303
-70.0,80,1065.87851
-95.5,182,1067.729486
-64.75,59,1067.817628
-76.0,104,1067.972654
-67.0,68,1068.073168
-98.0,192,1069.760662
-64.75,59,1069.848592
-122.5,290,1070.589946
-64.75,59,1070.724633
-65.5,62,1072.156475
-65.25,61,1072.246829
-74.25,97,1072.390785
-71.25,85,1072.804993
-65.5,62,1072.945174
-125.0,500,1075.631597
-80.25,121,1076.195407
-76.0,104,1077.627581
-78.0,112,1077.792185
-64.75,59,1077.880708
-72.75,91,1078.012993
-86.75,147,1078.242892
-65.0,60,1079.988169
-81.25,125,1080.172923
967.0,132,1080.362009
-74.75,99,1080.510294
-76.25,105,1080.662763
-125.0,500,1083.060422
-65.5,62,1084.526487
-125.0,500,1087.656588
-76.5,106,1087.814727
-67.0,68,1087.917196
-73.25,93,1088.055963
-64.75,59,1088.143441
-31.5,166,1090.149431
921.75,313,1090.602239
982.25,71,1090.705521
-64.25,57,1090.7888
-65.5,62,1092.588658
-64.75,59,1092.672856
-64.75,59,1092.759981
-87.5,150,1092.981811
-72.25,89,1093.114699
-74.0,96,1093.25273
-85.0,140,1095.147852
-125.0,500,1097.22571
-96.0,184,1097.803038
-63.5,54,1097.881834
-78.5,114,1098.048131
-89.0,156,1099.615601
-78.5,114,1099.781939
-74.0,96,1099.924645
-65.5,62,1100.316646
-64.5,58,1100.401085
-78.75,115,1101.907197
976.0,96,1102.065895
-78.25,113,1102.226104
-81.5,126,1102.406216
-78.25,113,1104.230689
-75.5,102,1104.417675
-120.0,280,1104.830054
-69.25,77,1104.942405
-68.25,73,1106.343585
-81.25,125,1107.044582
-77.25,109,1107.20246
-80.5,122,1107.377819
-68.5,74,1107.484883
-85.25,141,1109.017206
-81.75,127,1109.733322
-133.25,333,1111.54561
-80.0,120,1111.749877
-125.0,500,1114.141693
-88.0,152,1114.392784
-125.0,500,1117.004198
-125.0,500,1119.703666
953.5,186,1121.212153
-125.0,500,1123.985292
-68.0,72,1124.09001
-80.5,122,1124.267235
-125.0,500,1126.864222
-125.0,500,1129.194971
-69.5,78,1129.314481
-89.5,158,1129.538144
-67.5,70,1130.909731
-65.25,61,1131.018505
-125.0,500,1133.407783
-68.25,73,1133.538262
-76.25,105,1134.179224
-82.75,131,1134.367445
-74.5,98,1135.835832
-65.75,63,1135.947639
958.0,168,1136.228701
-64.0,56,1136.309738
-66.5,66,1136.405425
-73.5,94,1136.893398
-80.25,121,1138.429712
-82.25,129,1138.655419
-84.75,139,1138.857004
983.5,66,1138.953447
-125.0,500,1141.500416
-79.5,118,1142.980317
-104.25,217,1143.718194
-76.5,106,1143.873968
-76.5,106,1144.027565
-82.75,131,1145.544902
-125.0,500,1148.046359
-78.0,112,1148.246202
-68.5,74,1148.363203
-92.5,170,1148.96191
-125.0,500,1151.492268
-66.25,65,1154.438114
-76.25,105,1154.607335
-125.0,500,1156.706075
-79.5,118,1157.350176
-80.25,121,1157.528481
-125.0,500,1159.97735
-83.5,134,1160.168673
-65.25,61,1161.605235
-71.0,84,1161.730258
-64.75,59,1161.818665
983.75,65,1161.91327
-80.5,122,1162.64874
-125.0,500,1164.710061
-78.25,113,1164.870892
897.75,409,1167.27839
-74.5,98,1168.755659
-64.25,57,1168.845306
-80.25,121,1169.301165
-125.0,500,1171.371994
-84.0,136,1172.351202
-95.5,182,1173.946051
-88.25,393,1175.146814
-75.5,102,1175.371223
-84.5,138,1176.783548
-125.0,500,1179.221795
-66.5,66,1179.318442
-125.0,500,1182.098242
-75.25,101,1182.243648
-63.75,55,1182.358472
977.25,91,1182.557237
-90.0,160,1184.085098
-80.5,122,1184.259337
-125.0,500,1186.940972
-73.75,95,1187.103563
-78.75,115,1187.997883
-125.0,500,1190.08645
895.75,417,1192.730971
-125.0,500,1195.759947
-104.25,217,1197.357905
-72.75,91,1197.517143
952.0,192,1198.229429
-64.25,57,1198.328773
-125.0,500,1200.805705
-90.5,162,1202.220178
-78.25,113,1202.443521
-125.0,500,1204.967707
-116.0,264,1205.542518
-125.0,500,1207.998126
-138.0,352,1210.386298
-73.0,92,1210.551091
-125.0,500,1212.930687
-116.25,265,1214.639314
-125.0,500,1217.260092
-111.5,246,1217.688045
925.5,298,1219.978544
-86.75,147,1220.305982
-84.0,136,1220.569526
-64.5,58,1221.948786
-67.5,70,1222.162769
-71.75,87,1222.424504
-79.0,116,1223.623502
-13.75,95,1223.794938
-103.5,214,1225.377817
-82.0,128,1225.660504
-111.0,244,1227.74738
-68.5,74,1227.885325
-66.25,65,1228.023886
-81.0,124,1228.246924
-74.5,98,1228.428772
-141.25,365,1230.804231
-125.0,500,1233.344872
-71.0,84,1233.495509
-79.0,116,1233.704561
-92.25,169,1235.24547
-109.25,237,1236.09203
-83.75,135,1236.288086
-82.0,128,1237.733117
-69.75,79,1237.877324
984.0,64,1237.991449
-125.0,500,1240.86998
-82.5,130,1241.262864
-67.5,70,1241.474357
-69.75,79,1243.548968
-64.5,58,1243.669473
-75.25,101,1243.886813
-65.0,60,1244.017892
-67.0,68,1244.163992
-73.75,95,1244.37098
934.25,263,1246.440435
-70.75,83,1246.595825
-125.0,500,1248.75303
-26.75,147,1249.530367
-125.0,500,1252.077919
-101.75,207,1253.59611
-85.25,141,1253.865434
-95.75,183,1254.272359
-83.5,134,1256.45142
-68.5,74,1256.604575
-79.25,117,1256.855152
-84.5,138,1257.157134
-64.75,59,1257.285457
-125.0,500,1260.376184
-125.0,500,1262.751123
-125.0,500,1265.690973
-72.5,90,1267.394552
-78.0,112,1267.63826
-125.0,500,1270.859775
-63.25,53,1270.95657
-89.75,159,1271.231513
-98.25,193,1273.213124
965.0,140,1273.919454
-69.5,78,1274.062975
-77.0,108,1274.2549
-79.5,118,1274.429374
946.5,214,1276.891301
-64.5,58,1277.337625
-64.75,59,1277.432446
-134.0,136,1277.640114
-125.0,500,1280.326172
-125.75,303,1282.211751
-110.75,243,1284.348612
-103.75,215,1284.731846
-64.5,58,1284.848981
-64.0,56,1284.972557
-65.0,60,1285.097055
-94.25,177,1286.542064
-67.25,69,1287.485941
967.0,132,1287.71184
-69.0,76,1287.823205
-66.25,65,1287.91503
-127.75,311,1289.777895
-64.5,58,1290.560637
-72.0,88,1290.691463
-125.0,500,1293.170044
-125.0,500,1295.323157
981.0,76,1295.434834
-125.0,500,1298.396751
-125.0,500,1300.900285
-69.25,77,1302.45502
984.0,64,1302.578482
-65.75,63,1302.670153
-74.0,96,1303.095618
-86.5,146,1303.307534
956.25,175,1305.357139
-125.0,500,1307.953692
981.0,76,1308.088517
-82.25,129,1308.312538
-68.5,74,1308.424258
-94.25,177,1310.562537
-88.5,154,1310.844495
-84.0,136,1311.068863
-91.5,166,1311.308918
982.25,71,1312.618536
-78.0,112,1313.631056
-65.75,63,1313.824121
-75.25,101,1314.026882
-85.0,140,1314.22934
-130.5,122,1315.749265
-88.5,154,1316.077239
-114.0,256,1318.16611
-65.0,60,1318.293195
-125.0,500,1321.517045
-125.0,500,1324.3239
-82.5,130,1324.620416
-72.0,88,1324.755393
-86.5,146,1324.974979
936.0,256,1327.259809
-77.0,108,1327.418029
-64.5,58,1327.503716
-61.75,287,1329.391142
-84.25,137,1330.086536
-82.25,129,1330.275944
970.5,118,1331.910828
-125.0,500,1334.655475
-88.5,154,1334.915829
-85.0,140,1335.117545
-125.0,500,1337.846598
-66.5,66,1337.942689
-125.0,500,1340.675698
-67.0,68,1340.789751
-125.0,500,1343.580251
-106.0,224,1345.380929
-77.0,108,1345.540956
-64.75,59,1345.62865
-75.75,103,1346.280891
-91.75,167,1347.954224
-79.0,116,1348.119853
-89.5,158,1348.345776
-125.0,500,1350.918843
-84.75,139,1352.521499
-127.75,111,1353.190527
-95.0,180,1353.453676
-79.5,118,1353.712967
-125.0,500,1356.538249
-66.75,67,1356.66806
-107.75,231,1358.739374
-70.75,83,1358.866729
-125.0,500,1361.33723
-66.0,64,1361.42911
-66.0,64,1361.521031
-91.0,164,1363.566945
-125.0,500,1365.653616
-119.25,277,1366.578367
-82.0,128,1368.109873
-72.5,90,1368.239693
-64.25,57,1368.322792
-58.5,274,1369.315104
-64.0,56,1369.436147
934.5,262,1371.556224
-64.25,57,1371.655852
961.25,155,1372.705764
-109.5,238,1374.246485
-64.75,59,1374.334918
-79.0,116,1374.525803
-89.5,158,1376.839242
-125.0,500,1379.080889
-84.5,138,1380.234709
-100.25,201,1380.58622
-125.0,500,1383.35427
-106.75,227,1384.99681
-109.0,236,1385.465925
-125.0,500,1388.931055
-93.5,174,1391.339388
932.5,270,1391.745471
-125.0,500,1394.463171
-125.0,500,1397.243893
-67.25,69,1397.371065
-125.0,500,1399.46653
-85.25,141,1400.520129
-104.5,218,1402.072434
-107.75,231,1402.516702
-69.0,76,1404.625937
-84.5,138,1404.873159
-125.0,500,1407.628307
959.0,164,1407.921361
964.0,144,1408.178436
-125.0,500,1410.796819
-136.25,145,1412.312462
-74.75,99,1412.485534
-125.0,500,1415.256495
-70.5,82,1415.435875
959.25,163,1415.787977
-72.0,88,1417.693043
-79.5,118,1417.905402
-69.75,79,1418.048604
-90.75,163,1418.345628
983.5,66,1418.465889
-66.0,64,1419.872885
-65.75,63,1419.983316
-147.0,188,1420.860626
-72.0,88,1421.037913
-125.0,500,1423.845057
937.25,251,1425.560067
-77.0,108,1425.760658
-125.0,500,1428.964566
-64.25,57,1429.069195
-103.0,212,1429.446877
963.75,145,1431.876929
-64.0,56,1432.044175
981.5,74,1432.267018
-65.0,60,1432.448647
-103.75,215,1434.104788
-88.5,154,1435.608894
-77.75,111,1435.94357
-137.25,149,1436.223312
-69.75,79,1437.566151
-69.75,79,1437.742767
907.5,370,1438.843424
-65.25,61,1440.194489
-125.0,500,1442.823897
-117.75,271,1443.422972
-105.0,220,1445.757025
-78.75,115,1445.982439
-70.25,81,1446.130568
-115.0,260,1446.525001
-125.0,500,1449.595363
-125.0,500,1452.704462
-125.0,500,1456.370611
-125.0,500,1458.902614
-125.0,500,1461.712092
-125.0,500,1465.572823
-130.5,122,1466.994928
-125.0,500,1470.606604
-125.0,500,1474.025214
-125.0,500,1478.206135
-125.0,500,1480.269276
-125.0,500,1483.258063
-125.0,500,1487.220482
-27.0,148,1487.43788
-74.5,98,1487.584572
